 B1112+50          01  0  111.879   58139.98279601943      0.00    52.6        p
 B1112+50          01  0  111.879   58142.97459665695      0.00    88.6        p
 B1112+50          01  0  111.879   58144.96913653445      0.00    84.7        p
 B1112+50          01  0  111.879   58146.963681419664     0.00   121.0        p
 B1112+50          01  0  111.879   58148.9582121525       0.00    91.2        p
 B1112+50          01  0  111.879   58150.95276707555      0.00    40.0        p
 B1112+50          01  0  111.879   58158.930922943866     0.00   131.7        p
 B1112+50          01  0  111.879   58164.91452784561      0.00   147.9        p
 B1112+50          01  0  111.879   58166.90906685733      0.00   130.6        p
 B1112+50          01  0  111.879   58168.90361113006      0.00    81.9        p
 B1112+50          01  0  111.879   58170.898141464844     0.00    79.5        p
 B1112+50          01  0  111.879   58184.85992007199      0.00    60.4        p
 B1112+50          01  0  111.879   58186.85447145995      0.00   100.7        p
 B1112+50          01  0  111.879   58188.84900845442      0.00    99.4        p
 B1112+50          01  0  111.879   58191.840822751066     0.00    87.8        p
 B1112+50          01  0  111.879   58193.83535218671      0.00    47.8        p
 B1112+50          01  0  111.879   58195.82988615742      0.00    75.6        p
 B1112+50          01  0  111.879   58197.82442451074      0.00    27.6        p
 B1112+50          01  0  111.879   58199.818967187144     0.00   110.5        p
 B1112+50          01  0  111.879   58201.81351403124      0.00    61.6        p
 B1112+50          01  0  111.879   58204.80531304074      0.00    78.3        p
 B1112+50          01  0  111.879   58206.799850605516     0.00   104.1        p
 B1112+50          01  0  111.879   58210.78893677994      0.00   126.4        p
 B1112+50          01  0  111.879   58212.78348521034      0.00    32.9        p
 B1112+50          01  0  111.879   58214.778017806166     0.00    99.0        p
 B1112+50          01  0  111.879   58216.77255364967      0.00    94.6        p
 B1112+50          01  0  111.879   58218.76709263563      0.00    44.5        p
 B1112+50          01  0  111.879   58220.76163460918      0.00    84.0        p
 B1112+50          01  0  111.879   58222.75617931188      0.00    97.5        p
 B1112+50          01  0  111.879   58224.750707700056     0.00   180.2        p
 B1112+50          01  0  111.879   58226.745257711766     0.00    78.2        p
 B1112+50          01  0  111.879   58228.7397909039       0.00   100.0        p
 B1112+50          01  0  111.879   58231.731594720826     0.00    57.4        p
 B1112+50          01  0  111.879   58236.71794383155      0.00   172.0        p
 B1112+50          01  0  111.879   58238.71248630711      0.00   125.1        p
 B1112+50          01  0  111.879   58241.704302558464     0.00   119.5        p
 B1112+50          01  0  111.879   58245.693375630326     0.00    76.9        p
 B1112+50          01  0  111.879   58248.68517793055      0.00   108.8        p
 B1112+50          01  0  111.879   58250.679726299226     0.00   107.2        p
 B1112+50          01  0  111.879   58252.67425599042      0.00   139.3        p
 B1112+50          01  0  111.879   58254.66880502724      0.00    63.6        p
 B1112+50          01  0  111.879   58256.66333494267      0.00    71.8        p
 B1112+50          01  0  111.879   58269.627854813116     0.00   245.3        p
 B1112+50          01  0  111.879   58272.61965129746      0.00    90.3        p
 B1112+50          01  0  111.879   58274.61419331046      0.00    82.4        p
 B1112+50          01  0  111.879   58277.60600344475      0.00   182.4        p
 B1112+50          01  0  111.879   58279.60054127395      0.00    64.4        p
 B1112+50          01  0  111.879   58282.59236356599      0.00   173.8        p
 B1112+50          01  0  111.879   58284.5868962066       0.00   136.1        p
 B1112+50          01  0  111.879   58286.58142652954      0.00   105.9        p
 B1112+50          01  0  111.879   58288.57597347972      0.00    84.5        p
 B1112+50          01  0  111.879   58290.57051785476      0.00   190.3        p
 B1112+50          01  0  111.879   58292.565059392895     0.00   119.9        p
 B1112+50          01  0  111.879   58294.55959805515      0.00    84.2        p
 B1112+50          01  0  111.879   58296.5541337107       0.00   139.5        p
 B1112+50          01  0  111.879   58298.54866622272      0.00   124.6        p
 B1112+50          01  0  111.879   58300.5432146294       0.00    98.4        p
 B1112+50          01  0  111.879   58303.53501174419      0.00   118.0        p
 B1112+50          01  0  111.879   58305.52955157019      0.00   182.9        p
 B1112+50          01  0  111.879   58307.52410686679      0.00    67.5        p
 B1112+50          01  0  111.879   58310.51590392792      0.00    78.0        p
 B1112+50          01  0  111.879   58312.51044959184      0.00   131.6        p
 B1112+50          01  0  111.879   58314.504991153146     0.00    95.9        p
 B1112+50          01  0  111.879   58318.4940617069       0.00   102.7        p
 B1112+50          01  0  111.879   58320.488609745975     0.00    62.1        p
 B1112+50          01  0  111.879   58322.483134180344     0.00   313.6        p
 B1112+50          01  0  111.879   58324.477673332076     0.00   115.2        p
 B1112+50          01  0  111.879   58326.472227145954     0.00   104.0        p
 B1112+50          01  0  111.879   58329.46402052471      0.00   165.3        p
 B1112+50          01  0  111.879   58332.4558417854       0.00    55.2        p
 B1112+50          01  0  111.879   58334.450376947694     0.00    65.5        p
 B1112+50          01  0  111.879   58336.44490729893      0.00    92.1        p
 B1112+50          01  0  111.879   58339.43672252992      0.00    34.1        p
 B1112+50          01  0  111.879   58341.43125985678      0.00    27.6        p
 B1112+50          01  0  111.879   58344.42307571209      0.00    34.9        p
 B1112+50          01  0  111.879   58372.34662557014      0.00    39.5        p
 B1112+50          01  0  111.879   58374.34115859147      0.00    28.8        p
 B1112+50          01  0  111.879   58376.335706211335     0.00    56.3        p
 B1112+50          01  0  111.879   58378.33024921445      0.00    53.2        p
 B1112+50          01  0  111.879   58380.324787849786     0.00    47.0        p
 B1112+50          01  0  111.879   58382.31932207027      0.00    44.6        p
 B1112+50          01  0  111.879   58384.313871213984     0.00    51.5        p
 B1112+50          01  0  111.879   58386.308396945584     0.00    29.4        p
 B1112+50          01  0  111.879   58388.30293782561      0.00    81.9        p
 B1112+50          01  0  111.879   58390.29747465177      0.00    20.6        p
 B1112+50          01  0  111.879   58392.29202676565      0.00    41.4        p
 B1112+50          01  0  111.879   58404.25926321965      0.00    67.7        p
 B1112+50          01  0  111.879   58406.253791107185     0.00    73.0        p
 B1112+50          01  0  111.879   58408.24833526251      0.00    62.5        p
 B1112+50          01  0  111.879   58410.242876744225     0.00    71.8        p
 B1112+50          01  0  111.879   58412.23741555216      0.00    75.9        p
 B1112+50          01  0  111.879   58417.22375234559      0.00    52.1        p
 B1112+50          01  0  111.879   58419.218302483        0.00    63.0        p
 B1112+50          01  0  111.879   58421.21283155609      0.00    73.2        p
 B1112+50          01  0  111.879   58423.207377985884     0.00    21.6        p
 B1112+50          01  0  111.879   58425.20192284957      0.00    64.3        p
 B1112+50          01  0  111.879   58429.19098934376      0.00    43.1        p
 B1112+50          01  0  111.879   58431.18553049295      0.00    89.2        p
 B1112+50          01  0  111.879   58433.18007077297      0.00    61.3        p
 B1112+50          01  0  111.879   58435.17461036647      0.00    42.2        p
 B1112+50          01  0  111.879   58437.169149453126     0.00    45.3        p
 B1112+50          01  0  111.879   58439.163688285465     0.00    42.4        p
 B1112+50          01  0  111.879   58441.1582269326       0.00    70.4        p
 B1112+50          01  0  111.879   58443.152765688596     0.00    68.8        p
 B1112+50          01  0  111.879   58446.14458387254      0.00   125.7        p
 B1112+50          01  0  111.879   58448.13912357721      0.00    86.4        p
 B1112+50          01  0  111.879   58453.12546635705      0.00   121.7        p
 B1112+50          01  0  111.879   58455.12000911981      0.00    39.3        p
 B1112+50          01  0  111.879   58457.11455319661      0.00    68.8        p
 B1112+50          01  0  111.879   58459.109079567825     0.00    29.7        p
 B1112+50          01  0  111.879   58461.10362675505      0.00    32.3        p
 B1112+50          01  0  111.879   58463.098156762484     0.00    85.2        p
 B1112+50          01  0  111.879   58465.09270789952      0.00    48.6        p
 B1112+50          01  0  111.879   58467.087242121015     0.00    57.3        p
 B1112+50          01  0  111.879   58469.08177869546      0.00   190.2        p
 B1112+50          01  0  111.879   58471.0763179138       0.00   212.8        p
 B1112+50          01  0  111.879   58473.0708597978       0.00    44.7        p
 B1112+50          01  0  111.879   58475.06540451201      0.00   141.3        p
 B1112+50          01  0  111.879   58477.05993313818      0.00    67.5        p
 B1112+50          01  0  111.879   58479.054484005545     0.00   169.6        p
 B1112+50          01  0  111.879   58481.04901900654      0.00    70.3        p
 B1112+50          01  0  111.879   58483.04355742901      0.00    27.3        p
 B1112+50          01  0  111.879   58485.03809946133      0.00    52.6        p
 B1112+50          01  0  111.879   58487.03264521035      0.00    31.3        p
 B1112+50          01  0  111.879   58489.027175662246     0.00    25.5        p
 B1112+50          01  0  111.879   58491.02171012822      0.00    58.7        p
 B1112+50          01  0  111.879   58493.0162487697       0.00    40.3        p
 B1112+50          01  0  111.879   58495.010791647415     0.00    80.6        p
 B1112+50          01  0  111.879   58497.0053388759       0.00    54.1        p
 B1112+50          01  0  111.879   58499.99714892257      0.00    76.3        p
 B1112+50          01  0  111.879   58501.991688293325     0.00    81.8        p
 B1112+50          01  0  111.879   58503.986232320276     0.00    30.2        p
