58139.987460653 -1.31233900e+03 5.260e+01
58142.979351035 -7.11975167e+02 8.860e+01
58144.973944602 -2.28266736e+03 8.470e+01
58146.968538207 -7.85326806e+02 1.210e+02
58148.963112648 +1.22303612e+03 9.120e+01
58150.957706229 +4.33046432e+02 4.000e+01
58158.935965422 -1.26076505e+04 1.317e+02
58164.919593022 +3.25140652e+03 1.479e+02
58166.914129077 +8.05292599e+02 1.306e+02
58168.908665140 -9.09375763e+02 8.190e+01
58170.903182036 -2.23647951e+03 7.950e+01
58184.864723786 +3.12116586e+03 6.040e+01
58186.859221534 +4.08164434e+03 1.007e+02
58188.853700102 +4.41427673e+03 9.940e+01
58191.845417937 +3.60769545e+03 8.780e+01
58193.839877301 +1.33326803e+03 4.780e+01
58195.834336692 +1.61067044e+03 7.560e+01
58197.828796062 +9.05695120e+01 2.760e+01
58199.823255462 +1.33360712e+03 1.105e+02
58201.817714857 +2.31269981e+03 6.160e+01
58204.809375144 -6.89323962e+01 7.830e+01
58206.803815376 +2.00005671e+03 1.041e+02
58210.792695781 +1.67587070e+03 1.264e+02
58212.787136012 +4.19716018e+03 3.290e+01
58214.781557027 +3.06471970e+03 9.900e+01
58216.775978033 +1.39518966e+03 9.460e+01
58218.770399058 +1.53721762e+03 4.450e+01
58220.764820085 +2.08422521e+03 8.400e+01
58222.759241001 -6.72109666e+03 9.750e+01
58224.753642918 -4.42646033e+02 1.802e+02
58226.748063932 -3.32357818e+02 7.820e+01
58228.742465772 -2.22473182e+02 1.000e+02
58231.734068516 -9.70501749e+02 5.740e+01
58236.720073101 -9.75724461e+01 1.720e+02
58238.714474935 +7.06131195e+02 1.251e+02
58241.706077670 +9.82794170e+02 1.195e+02
58245.694862101 -1.50705963e+03 7.690e+01
58248.686445657 -5.21414165e+02 1.088e+02
58250.680847428 -3.60539543e+03 1.072e+02
58252.675230112 +8.49656765e+02 1.393e+02
58254.669631908 +4.42639198e+02 6.360e+01
58256.664014536 +5.98872714e+02 7.180e+01
58269.627587764 -3.08183606e+03 2.453e+02
58272.619171277 -1.11674066e+03 9.030e+01
58274.613573022 -3.36947437e+03 8.240e+01
58277.605175712 -8.34909014e+01 1.824e+02
58279.599577446 -2.71130367e+03 6.440e+01
58282.591199300 +7.66993770e+02 1.738e+02
58284.585601026 -1.99804300e+03 1.361e+02
58286.580002789 -1.29879420e+03 1.059e+02
58288.574423683 -3.89358134e+03 8.450e+01
58290.568844646 -3.61731634e+02 1.903e+02
58292.563265545 -2.14846433e+03 1.199e+02
58294.557686464 -1.97687936e+03 8.420e+01
58296.552107392 -8.31487057e+02 1.395e+02
58298.546528310 -3.98575732e+02 1.246e+02
58300.540968371 -2.25947304e+03 9.840e+01
58303.532609315 -2.61160285e+03 1.180e+02
58305.527049428 +4.17200265e+02 1.829e+02
58307.521508668 -2.31172882e+02 6.750e+01
58310.513168763 -1.52823865e+03 7.800e+01
58312.507628033 +7.76108968e+02 1.316e+02
58314.502087264 -9.65570059e+01 9.590e+01
58318.491005731 -1.16563400e+03 1.027e+02
58320.485484172 +1.52296122e+03 6.210e+01
58322.479943399 +6.63108133e+02 3.136e+02
58324.474421796 -1.95932558e+02 1.152e+02
58326.468919370 -5.56762105e+02 1.040e+02
58329.460636984 -6.90351819e+01 1.653e+02
58332.452392963 +2.43882860e+03 5.520e+01
58334.446890523 +1.09541659e+03 6.550e+01
58336.441388072 -1.18531007e+03 9.210e+01
58339.433163217 +9.88796519e+02 3.410e+01
58341.427679971 +1.57218599e+03 2.760e+01
58344.419474279 +3.05792021e+03 3.490e+01
58372.343360637 +2.12286601e+03 3.950e+01
58374.337954075 +1.23546679e+03 2.880e+01
58376.332566732 +4.12768321e+03 5.630e+01
58378.327179309 +6.18732663e+00 5.320e+01
58380.321791972 +3.10726105e+03 4.700e+01
58382.316404587 +1.87201894e+03 4.460e+01
58384.311036404 +3.07359102e+03 5.150e+01
58386.305648997 -5.01486414e+02 2.940e+01
58388.300280837 +2.20877044e+03 8.190e+01
58390.294912630 +6.40519214e+02 2.060e+01
58392.289563627 +1.59506864e+03 4.140e+01
58404.257469639 +4.47342685e+03 6.770e+01
58406.252120625 +2.58885327e+03 7.300e+01
58408.246790777 -2.77009335e+01 6.250e+01
58410.241461003 +3.30046182e+03 7.180e+01
58412.236131148 -5.95240498e+02 7.590e+01
58417.222806640 -6.41010846e+02 5.210e+01
58419.217496007 -1.28327931e+03 6.300e+01
58421.212166229 -6.92685520e+01 7.320e+01
58423.206855574 -3.36639178e+03 2.160e+01
58425.201544956 -3.77103148e+03 6.430e+01
58429.190904600 -1.20572310e+03 4.310e+01
58431.185594013 -6.19236365e+01 8.920e+01
58433.180283427 +9.12181470e+02 6.130e+01
58435.174972836 +1.01279649e+03 4.220e+01
58437.169662230 -5.51363617e+02 4.530e+01
58439.164351675 +1.94153551e+03 4.240e+01
58441.159041056 -1.38136413e+03 7.040e+01
58443.153730489 -6.32408092e+02 6.880e+01
58446.145774200 -2.31322191e+03 1.257e+02
58448.140463681 +1.70031374e+03 8.640e+01
58453.127177641 -3.40342847e+03 1.217e+02
58455.121867099 -2.63705860e+03 3.930e+01
58457.116556574 -8.44370081e+02 6.880e+01
58459.111226850 -1.60734679e+03 2.970e+01
58461.105916264 -5.79199309e+03 3.230e+01
58463.100586627 +2.69942826e+02 8.520e+01
58465.095276073 -1.79812958e+03 4.860e+01
58467.089946377 -1.56580225e+03 5.730e+01
58469.084616642 -5.11768108e+03 1.902e+02
58471.079286996 -1.25396465e+03 2.128e+02
58473.073957307 -1.34947822e+03 4.470e+01
58475.068627596 -3.77634943e+03 1.413e+02
58477.063278800 +1.08554417e+03 6.750e+01
58479.057949111 -3.92700520e+01 1.696e+02
58481.052600271 +4.03890578e+02 7.030e+01
58483.047251420 -4.33306504e+02 2.730e+01
58485.041902595 +6.96793294e+02 5.260e+01
58487.036553755 +2.52743111e+02 3.130e+01
58489.031185743 -4.88824579e+02 2.550e+01
58491.025817736 -1.02839507e+03 5.870e+01
58493.020449769 +1.69976235e+03 4.030e+01
58495.015081788 +2.86535134e+03 8.060e+01
58497.009713798 +3.11159274e+03 5.410e+01
58500.001642634 +2.38353664e+03 7.630e+01
58501.996255485 +3.17961679e+03 8.180e+01
58503.990868335 +3.72198838e+03 3.020e+01
